initial: 6
0.97565 0.02155 0.00199 0.00059 0.00012 0.00010

transition: 6
0.39131 0.35671 0.10830 0.09426 0.02755 0.02187
0.07823 0.30812 0.37839 0.13702 0.05692 0.04132
0.04341 0.06784 0.30709 0.44183 0.08446 0.05537
0.02373 0.03908 0.06744 0.36516 0.41526 0.08934
0.06350 0.06791 0.04820 0.02124 0.32303 0.47613
0.32425 0.11514 0.07296 0.02386 0.07888 0.38491

observation: 6
0.25101 0.09632 0.03631 0.04594 0.02825 0.00848
0.18927 0.11601 0.06016 0.05769 0.02039 0.01116
0.52369 0.66617 0.59541 0.25636 0.13115 0.27506
0.01569 0.10248 0.27475 0.52833 0.11505 0.01471
0.00069 0.00395 0.01963 0.08056 0.04239 0.00324
0.01964 0.01506 0.01374 0.03112 0.66277 0.68735
