initial: 6
0.17992 0.05133 0.16371 0.32141 0.14134 0.14229

transition: 6
0.45913 0.38673 0.05703 0.03782 0.01988 0.03941
0.18657 0.47329 0.22810 0.05017 0.01836 0.04351
0.13992 0.11581 0.32583 0.30665 0.04470 0.06709
0.11880 0.09724 0.11534 0.38802 0.20251 0.07809
0.06014 0.04695 0.03800 0.04819 0.59606 0.21066
0.38483 0.10316 0.06551 0.06381 0.12169 0.26100

observation: 6
0.45327 0.50739 0.19135 0.09633 0.05272 0.16813
0.13464 0.17942 0.20023 0.11707 0.06466 0.08635
0.11640 0.10968 0.19181 0.19748 0.21235 0.23761
0.28364 0.18576 0.15487 0.14761 0.15853 0.35031
0.01110 0.01733 0.26042 0.43354 0.11091 0.08392
0.00095 0.00042 0.00131 0.00797 0.40083 0.07368
