initial: 6
0.50794 0.19517 0.16619 0.11710 0.00844 0.00516

transition: 6
0.29566 0.31094 0.10506 0.09711 0.09843 0.09281
0.09484 0.29831 0.31252 0.09585 0.10115 0.09732
0.10765 0.10305 0.30713 0.30836 0.08916 0.08465
0.10648 0.10572 0.10173 0.30521 0.29151 0.08934
0.07655 0.08139 0.08436 0.08225 0.35058 0.32487
0.26237 0.08744 0.09294 0.09573 0.12223 0.33930

observation: 6
0.18813 0.23941 0.10894 0.10974 0.13689 0.10558
0.17597 0.18999 0.18932 0.13946 0.03931 0.03102
0.27446 0.23161 0.24464 0.28707 0.26412 0.26715
0.24783 0.19179 0.23357 0.29023 0.19391 0.19096
0.09208 0.11734 0.20107 0.14387 0.17211 0.26231
0.02155 0.02987 0.02246 0.02962 0.19367 0.14297
